48.85	15.75
48.71	16.89
48.38	16.84
48.01	17.16
47.71	17.03
47.67	16.42
47.57	16.69
47.45	16.65
47.35	16.43
47.03	16.46
46.84	16.00
46.66	16.04
46.65	15.07
46.37	14.57
46.68	12.48
47.08	12.14
46.97	11.16
46.78	11.03
46.85	10.47
46.98	10.39
46.85	10.14
47.06	9.61
47.27	9.53
47.41	9.66
47.54	9.56
47.55	9.97
47.27	10.18
47.39	10.43
47.56	10.45
47.54	10.89
47.40	11.02
47.70	12.34
47.52	13.05
47.67	13.08
48.11	12.75
48.38	13.41
48.59	13.51
48.51	13.73
48.77	13.84
48.56	14.35
48.58	14.69
49.00	15.02
48.85	15.75
nan	nan
51.50	4.76
51.16	5.79
50.76	5.68
50.75	6.02
50.50	6.32
50.32	6.41
50.10	5.90
49.85	5.75
49.66	5.89
49.55	5.82
49.50	5.47
49.81	4.87
50.15	4.80
49.99	4.66
49.98	4.14
50.25	4.19
50.52	3.31
50.76	3.18
50.71	2.86
50.83	2.65
51.09	2.55
51.37	3.37
51.23	3.98
51.50	4.76
nan	nan
43.90	22.86
43.64	25.54
44.04	26.36
44.13	27.27
43.74	28.58
43.51	28.59
43.39	28.49
43.39	28.11
42.72	27.87
42.49	27.52
41.96	27.99
41.93	27.56
42.09	27.21
41.93	26.60
41.71	26.36
41.70	26.09
41.43	26.17
41.31	25.91
41.26	25.22
41.55	24.52
41.34	22.93
41.69	23.01
42.02	22.87
42.31	22.36
42.45	22.54
42.83	22.44
42.89	22.75
43.19	23.01
43.48	22.54
43.98	22.41
44.22	22.68
44.03	23.02
43.90	22.86
nan	nan
50.83	2.65
50.76	3.18
50.52	3.31
50.49	3.62
50.33	3.70
50.36	4.03
50.25	4.19
49.98	4.14
49.94	4.43
50.13	4.87
49.81	4.87
49.50	5.47
49.47	6.37
49.16	6.78
48.97	8.23
48.61	7.82
48.12	7.58
47.59	7.59
47.43	7.38
47.43	6.94
47.33	7.02
46.93	6.46
46.13	5.96
46.45	6.50
46.43	6.82
46.16	6.82
45.92	7.04
45.78	6.80
45.40	7.16
45.23	7.09
45.11	6.63
44.71	7.07
44.36	6.89
44.06	7.71
43.78	7.53
43.10	6.35
43.06	5.83
43.34	5.31
43.36	4.64
43.55	4.10
43.04	3.08
42.58	3.05
42.44	3.17
42.34	2.55
42.36	2.04
42.49	1.73
42.57	1.79
42.83	0.86
42.84	0.72
42.68	0.67
42.70	0.01
43.06	-1.40
43.25	-1.44
43.35	-1.79
43.66	-1.44
44.68	-1.11
44.80	-1.23
45.49	-1.13
45.33	-0.71
45.97	-1.36
45.87	-1.13
46.18	-1.19
46.32	-1.08
46.48	-1.76
46.87	-2.14
47.03	-1.98
47.25	-2.19
47.30	-2.47
47.53	-2.56
47.88	-4.36
48.03	-4.51
48.33	-4.43
48.44	-4.70
48.67	-4.25
48.66	-3.66
48.85	-3.14
48.54	-2.71
48.66	-2.37
48.62	-1.51
49.19	-1.61
49.71	-1.93
49.69	-1.32
49.32	-1.12
49.29	-0.21
49.43	0.62
49.52	0.08
49.72	0.22
50.21	1.60
50.86	1.60
51.09	2.55
50.83	2.65
nan	nan
48.57	-2.01
48.54	-1.97
48.58	-1.97
48.57	-2.01
nan	nan
42.86	9.48
42.18	9.56
41.39	9.21
41.53	8.84
42.38	8.59
42.60	8.83
42.70	9.31
42.97	9.35
42.86	9.48
nan	nan
46.18	-1.22
46.13	-1.30
46.17	-1.40
46.18	-1.22
nan	nan
47.05	-2.24
46.96	-2.23
47.05	-2.35
47.05	-2.24
nan	nan
47.30	-3.14
47.37	-3.30
47.38	-3.19
47.30	-3.14
nan	nan
48.02	-4.75
48.04	-4.93
48.08	-4.84
48.02	-4.75
nan	nan
35.43	34.12
35.18	33.92
34.97	34.09
34.62	33.03
34.76	32.45
35.08	32.26
35.69	34.59
35.43	34.12
nan	nan
50.86	14.62
50.88	14.98
51.01	15.07
50.80	15.38
50.60	16.41
50.43	16.25
50.12	16.71
50.27	17.00
50.45	16.91
50.29	17.73
50.13	17.65
49.99	17.84
50.07	18.04
49.91	18.58
49.52	18.85
49.50	18.58
48.85	17.65
48.85	17.17
48.62	16.94
48.81	16.55
48.73	16.29
49.00	15.02
48.58	14.69
48.56	14.35
49.48	12.63
49.76	12.40
49.91	12.55
50.32	12.10
50.18	12.32
50.41	12.58
50.40	12.95
50.90	14.36
51.05	14.32
50.86	14.62
nan	nan
54.87	9.11
54.77	9.95
54.48	9.98
54.35	10.17
54.37	10.95
54.19	11.06
54.06	10.78
53.96	10.90
53.90	11.45
54.14	11.67
54.18	12.11
54.44	12.57
54.30	13.13
54.60	13.30
54.57	13.64
54.35	13.60
54.19	13.32
54.15	13.82
53.93	14.23
53.80	14.03
53.75	14.27
53.33	14.41
52.83	14.16
52.52	14.63
52.40	14.53
52.07	14.76
51.83	14.61
51.47	14.93
51.14	15.00
50.83	14.76
51.05	14.32
50.90	14.36
50.40	12.95
50.41	12.58
50.18	12.32
50.32	12.10
49.91	12.55
49.76	12.40
49.48	12.63
48.77	13.84
48.51	13.73
48.59	13.51
48.38	13.41
48.11	12.75
47.67	13.08
47.52	13.05
47.70	12.34
47.40	11.02
47.54	10.89
47.56	10.45
47.39	10.43
47.27	10.18
47.55	9.97
47.69	8.66
47.80	8.61
47.57	8.43
47.56	7.63
48.12	7.58
48.61	7.82
48.97	8.23
49.16	6.78
49.47	6.37
49.82	6.47
49.86	6.30
50.13	6.14
50.32	6.41
50.75	6.02
50.91	6.09
51.03	5.88
51.18	6.17
51.24	6.07
51.36	6.22
51.82	5.99
51.94	6.78
52.12	6.76
52.24	7.07
52.44	7.00
52.49	6.70
52.63	6.71
52.64	7.01
52.97	7.19
53.32	7.30
53.36	7.00
53.65	7.21
53.70	8.01
53.41	8.20
53.60	8.29
53.52	8.55
53.75	8.52
53.88	8.65
53.85	9.26
53.55	9.77
53.96	8.89
54.27	8.84
54.33	8.69
54.58	8.86
54.91	8.64
54.87	9.11
nan	nan
53.55	6.78
53.60	6.62
53.63	6.73
53.55	6.78
nan	nan
54.01	8.51
53.91	8.46
53.93	8.36
54.01	8.51
nan	nan
54.43	11.27
54.47	11.00
54.52	11.16
54.43	11.27
nan	nan
54.48	8.67
54.52	8.56
54.55	8.72
54.48	8.67
nan	nan
54.63	8.38
54.67	8.25
54.73	8.35
54.63	8.38
nan	nan
54.71	8.63
54.71	8.45
54.76	8.55
54.71	8.63
nan	nan
54.88	8.38
54.86	8.27
54.98	8.36
54.88	8.38
nan	nan
57.25	10.53
56.68	10.19
56.51	10.50
56.53	10.83
56.39	10.93
56.16	10.73
56.12	10.51
56.28	10.38
55.87	10.19
55.69	9.95
55.71	9.67
55.61	9.78
55.04	9.56
55.05	9.84
54.88	10.04
54.81	9.30
54.91	8.64
55.43	8.60
55.36	8.43
55.56	8.30
55.56	8.10
55.94	8.34
56.15	8.13
56.56	8.14
56.65	8.19
56.55	8.49
56.67	8.56
56.48	8.68
56.82	9.00
56.59	9.10
56.67	9.32
57.02	9.13
56.69	8.72
56.85	8.61
56.71	8.38
56.82	8.27
56.96	8.38
57.17	9.39
57.57	9.94
57.69	10.48
57.25	10.53
nan	nan
54.84	10.78
54.66	10.68
54.74	10.43
54.84	10.78
nan	nan
54.87	10.53
54.82	10.45
54.87	10.34
54.87	10.53
nan	nan
55.10	8.57
55.08	8.45
55.20	8.50
55.10	8.57
nan	nan
55.02	15.11
55.06	14.77
55.22	14.71
55.12	15.16
55.02	15.11
nan	nan
55.61	10.25
55.57	10.65
55.32	10.79
54.97	10.59
55.06	10.16
55.51	9.71
55.61	10.25
nan	nan
55.69	12.78
55.59	12.81
55.60	12.68
55.69	12.78
nan	nan
55.92	10.67
55.79	10.61
55.96	10.48
55.92	10.67
nan	nan
55.72	12.58
55.59	12.65
55.52	12.23
55.32	12.37
55.09	12.16
54.94	12.34
54.66	11.98
54.77	11.09
54.92	11.13
54.87	11.56
54.99	11.84
55.29	11.22
55.70	11.10
55.93	11.64
55.66	11.78
55.98	11.88
56.12	12.27
56.05	12.59
55.72	12.58
nan	nan
56.71	11.66
56.66	11.60
56.71	11.49
56.71	11.66
nan	nan
57.29	11.12
57.22	11.02
57.25	10.89
57.29	11.12
nan	nan
59.63	25.73
59.44	26.96
59.47	28.04
59.35	28.17
58.79	27.36
57.86	27.72
57.52	27.35
57.62	26.93
57.53	26.55
58.05	25.33
57.88	24.35
58.35	24.54
58.23	24.11
58.36	23.74
58.62	23.53
58.76	23.64
58.90	23.45
59.21	23.53
59.63	25.73
nan	nan
58.17	24.05
58.08	24.00
58.10	23.91
58.17	24.05
nan	nan
58.17	22.35
58.02	22.13
58.37	21.79
58.61	22.55
58.60	23.28
58.37	23.00
58.17	22.35
nan	nan
59.04	23.31
58.95	23.24
58.98	23.14
59.04	23.31
nan	nan
58.80	22.77
58.69	22.58
58.93	22.15
59.08	22.65
58.84	23.04
58.80	22.77
nan	nan
59.52	24.59
59.58	24.43
59.63	24.52
59.52	24.59
nan	nan
41.27	26.40
40.96	26.33
40.70	26.06
40.84	25.94
40.99	25.14
40.76	23.77
40.45	23.87
40.15	24.38
40.34	23.74
40.10	23.98
39.96	23.94
40.23	23.62
40.35	23.00
40.47	22.87
40.62	22.93
40.45	22.61
40.10	22.57
39.23	23.32
39.15	23.23
39.34	22.98
39.26	22.84
39.00	23.02
38.84	22.79
38.50	23.33
38.58	23.50
38.88	23.07
38.99	23.28
38.63	24.11
38.03	24.53
38.03	24.27
38.37	23.99
38.35	23.66
38.21	24.05
37.66	24.03
37.94	23.67
37.97	23.25
37.89	23.07
37.73	23.12
37.46	23.50
37.30	23.14
37.57	22.76
36.44	23.12
36.80	22.70
36.47	22.40
37.03	22.09
36.97	21.94
36.75	21.91
36.81	21.73
37.09	21.57
37.38	21.68
37.93	21.15
38.20	21.39
38.16	21.63
38.33	21.85
37.93	22.89
38.13	23.21
38.41	22.45
38.31	21.17
38.82	20.75
38.89	21.09
39.05	21.11
38.97	20.73
39.69	20.01
39.79	20.39
39.95	20.34
40.62	21.06
40.86	20.98
40.93	21.79
41.17	22.22
41.13	22.61
41.34	22.80
41.55	24.52
41.26	25.22
41.31	25.91
41.43	26.17
41.70	26.09
41.71	26.36
41.60	26.58
41.37	26.62
41.27	26.40
nan	nan
34.84	24.17
34.85	24.00
34.89	24.10
34.84	24.17
nan	nan
35.35	26.92
35.45	26.83
35.42	26.95
35.35	26.92
nan	nan
35.66	23.75
35.54	23.85
35.58	24.16
35.35	24.32
35.43	24.97
35.33	25.71
35.12	25.78
35.20	26.29
35.02	26.17
34.94	24.78
35.09	24.72
35.24	23.61
35.52	23.58
35.66	23.75
nan	nan
35.68	27.19
35.42	27.15
35.61	27.01
35.68	27.19
nan	nan
35.84	27.28
35.87	27.12
35.91	27.22
35.84	27.28
nan	nan
35.90	23.34
35.80	23.36
35.91	23.23
35.90	23.34
nan	nan
36.26	23.07
36.14	23.04
36.17	22.93
36.33	22.88
36.26	23.07
nan	nan
36.08	28.07
35.93	27.73
36.33	27.91
36.41	28.23
36.08	28.07
nan	nan
36.38	25.83
36.36	25.68
36.43	25.77
36.38	25.83
nan	nan
36.40	25.49
36.33	25.44
36.38	25.33
36.40	25.49
nan	nan
36.42	27.42
36.43	27.26
36.49	27.35
36.42	27.42
nan	nan
36.54	26.38
36.59	26.24
36.61	26.35
36.54	26.38
nan	nan
36.60	27.24
36.56	27.08
36.63	27.15
36.60	27.24
nan	nan
36.59	27.91
36.60	27.75
36.65	27.85
36.59	27.91
nan	nan
36.59	24.98
36.62	24.83
36.67	24.94
36.59	24.98
nan	nan
36.72	25.20
36.64	25.13
36.65	25.04
36.72	25.20
nan	nan
36.70	24.53
36.70	24.27
36.76	24.41
36.70	24.53
nan	nan
36.69	25.41
36.73	25.23
36.79	25.29
36.69	25.41
nan	nan
36.68	26.98
36.71	26.89
36.79	26.93
36.68	26.98
nan	nan
36.80	24.63
36.80	24.48
36.85	24.56
36.80	24.63
nan	nan
36.88	27.29
36.78	27.18
36.82	27.02
36.88	27.29
nan	nan
36.91	25.99
36.78	25.89
36.80	25.73
36.91	25.99
nan	nan
36.94	24.77
36.99	24.63
37.03	24.70
36.94	24.77
nan	nan
36.98	27.06
36.95	26.90
37.03	26.97
36.98	27.06
nan	nan
36.98	26.41
36.98	26.25
37.04	26.34
36.98	26.41
nan	nan
37.11	25.30
37.00	25.21
37.03	25.03
37.11	25.30
nan	nan
36.98	25.57
36.91	25.48
37.07	25.34
37.21	25.51
36.98	25.57
nan	nan
37.19	24.54
37.11	24.51
37.15	24.40
37.19	24.54
nan	nan
37.17	26.88
37.19	26.72
37.23	26.82
37.17	26.88
nan	nan
37.25	23.22
37.20	23.15
37.26	23.06
37.25	23.22
nan	nan
37.38	25.28
37.32	25.18
37.43	25.19
37.38	25.28
nan	nan
37.41	24.47
37.31	24.40
37.43	24.36
37.41	24.47
nan	nan
37.41	24.98
37.35	24.87
37.47	24.89
37.41	24.98
nan	nan
37.47	25.44
37.40	25.37
37.44	25.28
37.47	25.44
nan	nan
37.46	27.04
37.40	26.98
37.49	26.89
37.46	27.04
nan	nan
37.58	25.29
37.53	25.18
37.60	25.03
37.58	25.29
nan	nan
37.63	26.57
37.55	26.51
37.56	26.41
37.63	26.57
nan	nan
37.61	26.27
37.54	26.16
37.59	25.98
37.61	26.27
nan	nan
37.67	24.41
37.53	24.31
37.57	24.24
37.67	24.41
nan	nan
37.75	23.55
37.68	23.49
37.74	23.42
37.75	23.55
nan	nan
37.71	26.99
37.62	26.81
37.74	26.56
37.83	26.80
37.71	26.99
nan	nan
37.73	20.91
37.67	20.80
37.88	20.59
37.73	20.91
nan	nan
37.82	24.97
37.73	24.98
37.96	24.68
37.82	24.97
nan	nan
38.39	20.57
38.10	20.79
38.21	20.35
38.39	20.57
nan	nan
38.45	20.69
38.29	20.79
38.46	20.59
38.45	20.69
nan	nan
38.32	26.15
38.16	26.02
38.24	25.88
38.36	25.98
38.55	25.82
38.54	26.15
38.32	26.15
nan	nan
38.53	25.63
38.61	25.50
38.61	25.62
38.53	25.63
nan	nan
38.58	20.90
38.59	20.73
38.63	20.81
38.58	20.90
nan	nan
38.64	20.72
38.59	20.53
38.84	20.70
38.64	20.72
nan	nan
38.78	24.67
38.88	24.41
38.97	24.52
38.78	24.67
nan	nan
39.11	23.79
39.08	23.67
39.15	23.63
39.11	23.79
nan	nan
39.10	23.14
39.08	23.06
39.18	23.03
39.10	23.14
nan	nan
39.16	23.55
39.17	23.38
39.21	23.47
39.16	23.55
nan	nan
39.29	23.98
39.16	23.91
39.19	23.83
39.29	23.98
nan	nan
39.02	26.57
38.99	26.23
39.21	25.81
39.38	26.30
39.02	26.57
nan	nan
39.30	24.10
39.29	23.99
39.39	24.06
39.30	24.10
nan	nan
39.49	24.23
39.47	24.11
39.56	24.22
39.49	24.23
nan	nan
39.55	25.07
39.45	24.99
39.50	24.94
39.55	25.07
nan	nan
39.78	19.89
39.45	19.96
39.77	19.60
39.78	19.89
nan	nan
39.97	25.43
39.80	25.33
39.96	25.04
39.97	25.43
nan	nan
39.96	23.57
40.11	23.22
40.13	23.43
39.96	23.57
nan	nan
40.44	25.72
40.46	25.46
40.51	25.62
40.44	25.72
nan	nan
40.60	24.77
40.66	24.49
40.81	24.65
40.60	24.77
nan	nan
43.58	-7.26
43.64	-5.84
43.39	-4.51
43.50	-3.59
43.35	-3.15
43.35	-1.79
43.25	-1.44
43.06	-1.40
42.96	-0.75
42.80	-0.55
42.68	0.67
42.84	0.72
42.83	0.86
42.71	1.35
42.45	1.47
42.50	1.73
42.36	2.04
42.44	3.17
41.92	3.21
41.29	2.10
41.03	0.98
40.81	0.73
40.69	0.84
40.61	0.61
39.72	-0.19
39.41	-0.33
39.08	-0.20
38.78	0.19
38.33	-0.48
37.73	-0.83
37.61	-0.75
37.38	-1.63
36.74	-2.14
36.83	-2.37
36.69	-2.74
36.71	-4.40
36.51	-4.66
36.43	-5.12
36.02	-5.60
36.20	-6.04
36.98	-6.53
37.20	-7.06
37.17	-7.40
37.53	-7.51
38.21	-6.93
38.19	-7.11
38.46	-7.31
39.02	-6.97
39.66	-7.54
39.69	-7.02
39.98	-6.88
40.16	-7.01
40.36	-6.80
41.03	-6.93
41.60	-6.22
41.68	-6.52
41.94	-6.58
41.82	-8.17
42.15	-8.20
41.87	-8.86
42.65	-8.74
42.59	-9.02
42.95	-9.20
43.14	-9.12
43.38	-8.33
43.63	-8.12
43.74	-7.70
43.58	-7.26
nan	nan
38.66	1.46
38.65	1.35
38.75	1.48
38.66	1.46
nan	nan
39.07	1.62
38.84	1.40
38.96	1.18
39.07	1.62
nan	nan
39.69	3.44
39.29	3.08
39.59	2.34
39.92	3.02
39.69	3.44
nan	nan
39.96	4.29
39.87	3.94
39.99	3.71
40.09	4.12
39.96	4.29
nan	nan
70.08	27.89
69.57	29.24
69.42	29.24
69.21	28.85
69.05	28.93
68.93	28.62
68.83	28.73
68.53	28.49
68.30	28.60
68.06	29.31
67.65	29.95
66.96	29.10
66.11	29.93
65.72	30.12
65.64	29.75
65.56	29.84
65.25	29.63
65.19	29.87
64.92	29.63
64.79	30.03
64.40	30.07
64.13	30.52
63.83	30.25
63.76	29.97
63.23	31.20
62.92	31.56
62.49	31.20
60.47	27.68
60.49	26.45
60.22	25.88
60.31	25.55
59.99	24.46
59.86	23.22
59.95	22.90
60.10	23.03
59.89	22.42
60.19	22.39
60.38	22.07
60.17	22.07
60.14	21.80
60.47	21.75
60.43	21.45
60.21	21.37
60.22	21.25
60.85	21.20
61.05	21.42
61.61	21.53
62.64	21.10
62.83	21.16
62.93	21.40
63.28	21.59
63.34	22.31
63.47	22.27
63.59	22.50
63.77	22.53
63.93	23.37
64.82	24.63
64.87	25.33
64.99	25.42
65.16	25.27
65.44	25.29
65.63	25.00
65.76	24.20
66.29	23.67
66.83	23.97
67.15	23.58
67.43	23.73
67.49	23.42
67.97	23.62
68.30	23.05
68.48	22.05
69.06	20.55
69.05	21.05
69.21	21.02
69.31	21.30
69.27	21.63
68.72	22.46
68.64	23.22
68.83	23.92
68.59	24.90
68.98	25.72
69.27	25.73
69.70	26.00
69.94	26.52
70.08	27.89
nan	nan
59.86	22.89
59.78	22.74
59.86	22.78
59.86	22.89
nan	nan
59.92	21.03
59.88	20.95
59.94	20.84
59.92	21.03
nan	nan
59.97	21.39
59.92	21.31
59.96	21.22
59.97	21.39
nan	nan
60.00	21.95
59.88	21.79
59.93	21.70
60.00	21.95
nan	nan
60.01	22.08
60.09	21.95
60.11	22.07
60.01	22.08
nan	nan
60.07	20.63
60.03	20.31
60.13	20.48
60.07	20.63
nan	nan
60.09	20.77
60.02	20.72
60.07	20.63
60.09	20.77
nan	nan
60.22	21.67
59.95	21.58
60.15	21.49
60.22	21.67
nan	nan
60.24	19.38
60.13	19.41
60.24	19.28
60.24	19.38
nan	nan
60.36	20.39
60.20	20.41
60.36	20.30
60.36	20.39
nan	nan
60.35	21.58
60.26	21.49
60.30	21.42
60.35	21.58
nan	nan
60.32	21.78
60.27	21.72
60.34	21.65
60.32	21.78
nan	nan
60.25	20.86
60.20	20.69
60.40	20.77
60.25	20.86
nan	nan
60.43	20.06
60.26	20.25
60.13	20.11
60.16	20.26
59.99	20.18
60.28	19.47
60.43	20.06
nan	nan
60.54	20.89
60.53	21.09
60.29	21.07
60.29	20.95
60.54	20.89
nan	nan
62.95	20.92
62.98	20.75
63.02	20.85
62.95	20.92
nan	nan
62.96	21.25
62.98	21.11
63.03	21.18
62.96	21.25
nan	nan
63.25	21.44
63.24	21.11
63.39	21.23
63.25	21.44
nan	nan
63.37	21.79
63.33	21.73
63.45	21.66
63.37	21.79
nan	nan
64.99	24.93
65.05	24.56
65.10	24.78
64.99	24.93
nan	nan
46.48	16.60
45.85	17.65
45.75	18.44
45.92	18.89
45.37	19.01
45.17	19.43
45.11	19.10
44.85	19.00
45.12	18.28
45.22	16.54
45.00	16.29
45.22	15.84
44.78	15.77
44.66	16.01
44.21	16.17
43.47	17.25
43.02	17.68
42.86	17.52
42.94	17.24
43.08	17.36
43.41	16.82
43.50	16.02
43.96	15.36
44.33	15.14
44.36	15.29
44.57	14.94
45.03	14.88
45.03	14.55
45.24	14.51
45.29	14.31
44.82	13.89
45.41	13.53
45.48	14.36
45.67	14.57
45.47	14.84
45.43	15.23
45.48	15.36
45.73	15.26
45.85	15.66
46.23	15.67
46.38	16.30
46.54	16.34
46.48	16.60
nan	nan
42.36	16.34
42.41	16.17
42.44	16.27
42.36	16.34
nan	nan
42.76	16.98
42.71	16.89
42.75	16.80
42.76	16.98
nan	nan
42.56	18.44
42.42	18.53
42.84	17.61
42.86	17.86
42.56	18.44
nan	nan
43.05	16.22
43.00	16.14
43.05	16.04
43.05	16.22
nan	nan
43.13	16.96
43.14	16.79
43.18	16.90
43.13	16.96
nan	nan
43.13	16.74
43.17	16.51
43.21	16.65
43.13	16.74
nan	nan
43.31	16.75
43.33	16.38
43.41	16.57
43.31	16.75
nan	nan
43.34	16.39
43.37	16.26
43.43	16.34
43.34	16.39
nan	nan
43.78	15.37
43.84	15.22
43.89	15.32
43.78	15.37
nan	nan
43.90	15.21
43.88	15.19
43.90	15.16
43.90	15.21
nan	nan
43.92	15.17
43.97	15.05
43.98	15.13
43.92	15.17
nan	nan
44.20	14.96
44.09	14.96
44.21	14.85
44.20	14.96
nan	nan
44.38	14.85
44.35	14.77
44.44	14.72
44.38	14.85
nan	nan
44.54	14.97
44.45	15.02
44.52	14.86
44.54	14.97
nan	nan
44.51	14.61
44.43	14.56
44.48	14.47
44.51	14.61
nan	nan
44.63	14.41
44.52	14.47
44.59	14.33
44.63	14.41
nan	nan
44.76	14.80
44.79	14.64
44.85	14.71
44.76	14.80
nan	nan
44.96	14.47
44.63	14.48
44.92	14.31
44.96	14.47
nan	nan
45.07	14.38
45.12	14.26
45.18	14.35
45.07	14.38
nan	nan
48.57	21.42
48.35	21.77
48.42	22.21
47.95	22.90
47.60	22.13
46.25	21.04
46.19	19.70
45.75	18.44
45.79	17.91
45.99	17.29
46.50	16.54
46.83	16.35
46.87	16.11
47.03	16.46
47.35	16.43
47.45	16.65
47.57	16.69
47.67	16.42
47.71	17.03
48.01	17.16
47.76	17.71
47.82	18.85
47.96	18.78
48.06	18.93
48.24	19.62
48.17	20.05
48.56	20.69
48.57	21.42
nan	nan
55.24	-7.04
54.76	-7.57
54.70	-7.82
54.61	-7.70
54.43	-8.13
54.13	-7.53
54.41	-7.02
54.04	-6.60
54.00	-6.11
53.96	-6.37
53.54	-6.09
53.34	-6.20
52.94	-6.02
52.33	-6.43
52.19	-6.37
52.12	-7.44
51.62	-8.64
51.49	-9.34
51.87	-10.29
52.07	-10.14
52.19	-10.33
52.57	-9.37
52.65	-9.66
53.09	-9.29
53.14	-9.01
53.26	-9.75
53.48	-10.10
53.81	-9.77
54.00	-9.99
54.26	-10.02
54.31	-9.41
54.17	-9.13
54.29	-8.67
54.55	-8.25
54.69	-8.67
55.09	-8.33
55.23	-7.71
55.11	-7.54
55.33	-7.33
55.24	-7.04
nan	nan
51.49	-9.67
51.45	-9.73
51.50	-9.84
51.49	-9.67
nan	nan
54.99	-8.46
54.96	-8.62
55.05	-8.54
54.99	-8.46
nan	nan
47.00	12.14
46.68	12.48
46.52	13.71
46.30	13.40
46.17	13.66
46.05	13.50
45.81	13.60
45.64	13.90
45.59	13.72
45.79	13.58
45.76	13.14
45.64	13.10
45.53	12.41
45.30	12.13
44.93	12.46
44.80	12.28
44.22	12.38
43.60	13.55
42.53	14.15
42.07	14.78
41.93	15.14
41.91	16.13
41.77	16.17
41.59	15.91
41.43	16.02
40.65	17.98
40.12	18.50
39.80	18.33
39.92	18.07
40.24	17.89
40.51	17.11
40.40	16.87
39.80	16.50
39.39	17.14
38.99	17.17
38.80	16.61
38.40	16.54
37.94	16.06
38.01	15.65
38.21	15.65
38.51	15.92
38.66	15.86
38.81	16.21
40.02	15.68
40.02	15.33
40.22	14.95
40.41	14.98
40.66	14.79
40.62	14.47
41.22	13.76
41.24	13.07
42.28	11.64
42.40	11.15
42.94	10.71
42.95	10.51
43.25	10.51
43.98	10.14
44.42	8.77
43.94	8.14
43.78	7.53
44.16	7.66
44.14	7.31
44.36	6.89
44.71	7.07
45.11	6.63
45.23	7.09
45.40	7.16
45.78	6.80
45.92	7.04
45.92	7.86
46.45	8.38
45.83	8.91
45.86	9.06
46.01	9.01
46.50	9.32
46.32	9.55
46.37	9.92
46.24	10.10
46.57	10.08
46.53	10.45
46.85	10.47
46.78	11.03
46.97	11.16
47.07	12.24
47.00	12.14
nan	nan
43.91	12.41
43.90	12.49
43.99	12.50
43.91	12.41
nan	nan
41.91	12.40
41.86	12.50
41.91	12.57
41.91	12.40
nan	nan
36.76	12.10
36.77	11.93
36.81	12.04
36.76	12.10
nan	nan
38.15	15.54
37.47	15.10
37.03	15.29
36.68	15.11
36.79	14.52
37.00	14.34
37.57	12.69
37.78	12.45
38.04	12.53
38.15	12.76
38.04	12.98
38.21	13.30
37.98	13.73
38.28	15.57
38.15	15.54
nan	nan
38.47	14.98
38.58	14.77
38.60	14.88
38.47	14.98
nan	nan
39.10	8.32
39.15	8.19
39.20	8.31
39.10	8.32
nan	nan
40.72	13.99
40.70	13.82
40.77	13.86
40.72	13.99
nan	nan
40.95	8.27
40.88	8.22
40.93	8.13
40.95	8.27
nan	nan
41.07	8.37
41.03	8.31
41.11	8.23
41.07	8.37
nan	nan
40.88	9.72
40.49	9.81
40.24	9.64
40.06	9.72
39.18	9.57
39.20	9.09
38.92	8.91
38.98	8.43
39.87	8.54
39.94	8.41
40.41	8.40
40.60	8.16
40.86	8.21
40.84	8.56
41.24	9.21
41.23	9.46
40.88	9.72
nan	nan
42.35	10.96
42.36	10.81
42.42	10.89
42.35	10.96
nan	nan
42.86	10.43
42.73	10.40
42.77	10.17
42.86	10.43
nan	nan
43.07	9.88
43.01	9.76
43.11	9.81
43.07	9.88
nan	nan
56.43	24.88
56.17	25.17
56.13	25.64
55.68	26.63
55.36	26.53
55.25	26.74
54.82	25.75
54.35	25.58
54.17	25.76
54.25	25.24
53.90	24.39
53.96	23.51
54.25	23.32
54.36	22.79
54.56	22.69
54.86	22.84
55.07	22.59
55.04	22.08
55.25	21.27
55.86	21.06
56.07	21.06
56.43	22.09
56.25	24.15
56.43	24.88
nan	nan
55.33	21.25
55.33	21.24
55.33	21.23
55.33	21.25
nan	nan
55.32	21.07
55.33	20.95
55.42	21.08
55.32	21.07
nan	nan
49.85	5.75
50.18	6.02
49.73	6.50
49.47	6.37
49.50	5.89
49.85	5.75
nan	nan
57.61	26.29
57.52	27.53
57.27	27.85
56.85	27.68
56.86	27.87
56.56	28.12
56.17	28.15
55.79	27.59
55.84	27.10
55.68	26.63
56.13	25.64
56.17	25.17
56.43	24.88
56.25	24.15
56.43	22.09
56.07	21.06
56.24	20.98
56.83	21.08
57.01	21.37
57.28	21.43
57.55	21.70
57.74	22.58
56.98	23.55
57.20	24.34
57.88	24.35
58.04	25.05
57.85	26.02
57.61	26.29
nan	nan
47.76	27.28
47.03	28.04
46.64	28.24
46.11	28.11
45.47	28.21
45.23	28.70
45.44	29.44
45.21	29.68
44.83	29.58
44.68	28.99
44.31	28.64
43.74	28.58
44.14	26.95
43.97	26.12
43.64	25.54
43.81	23.00
43.90	22.86
44.03	23.02
44.44	22.50
44.60	22.65
44.69	22.43
44.50	22.16
44.82	21.36
44.90	21.54
45.00	21.41
45.19	21.48
45.32	21.02
45.49	20.82
45.76	20.81
46.13	20.26
46.31	21.16
47.60	22.13
48.09	23.21
47.97	23.49
47.97	24.56
47.73	24.92
48.25	26.81
47.76	27.28
nan	nan
35.93	14.49
35.81	14.50
35.91	14.34
35.93	14.49
nan	nan
36.01	14.35
36.00	14.33
36.02	14.31
36.01	14.35
nan	nan
36.02	14.27
36.06	14.19
36.05	14.31
36.02	14.27
nan	nan
52.97	7.19
52.64	7.01
52.63	6.71
52.49	6.70
52.44	7.00
52.24	7.07
52.12	6.76
51.94	6.78
51.82	5.99
51.36	6.22
51.24	6.07
51.18	6.17
51.03	5.88
50.91	6.09
50.75	6.02
50.76	5.68
51.16	5.79
51.26	5.24
51.47	5.04
51.37	4.40
51.48	3.62
51.59	3.85
51.97	4.00
52.33	4.49
53.16	4.83
52.91	4.83
53.31	5.62
53.46	6.75
53.24	7.21
52.97	7.19
nan	nan
51.35	4.23
51.21	3.86
51.37	3.37
51.35	4.23
nan	nan
53.40	5.43
53.36	5.36
53.41	5.25
53.40	5.43
nan	nan
53.46	5.76
53.40	5.68
53.45	5.58
53.46	5.76
nan	nan
54.28	19.26
54.44	19.80
54.38	23.00
54.13	23.49
52.78	23.94
52.28	23.18
52.04	23.66
51.72	23.54
51.28	23.71
50.87	24.09
50.80	23.98
50.64	24.10
50.43	24.00
50.38	23.73
49.57	22.69
49.00	22.87
49.43	21.40
49.22	19.78
49.39	19.78
49.61	19.47
49.41	19.02
49.91	18.58
50.07	18.04
49.99	17.84
50.13	17.65
50.29	17.73
50.45	16.91
50.27	17.00
50.14	16.58
50.43	16.25
50.60	16.41
50.80	15.38
50.98	15.24
50.87	14.82
51.28	15.02
51.83	14.61
52.07	14.76
52.40	14.53
52.52	14.63
52.96	14.14
53.07	14.35
53.33	14.41
53.70	14.27
53.79	14.60
53.93	14.23
54.29	16.14
54.57	16.65
54.78	17.67
54.83	18.33
54.44	18.61
54.28	19.26
nan	nan
41.92	-8.20
41.82	-8.17
41.94	-6.58
41.68	-6.52
41.60	-6.22
41.03	-6.93
40.36	-6.80
40.16	-7.01
39.98	-6.88
39.69	-7.02
39.66	-7.54
39.02	-6.97
38.46	-7.31
38.19	-7.11
38.21	-6.93
37.53	-7.51
37.17	-7.40
36.99	-7.87
37.11	-8.58
37.02	-8.96
37.44	-8.80
37.98	-8.86
38.52	-8.74
38.45	-9.19
38.66	-9.23
38.76	-8.92
38.86	-9.04
38.71	-9.16
38.77	-9.49
40.69	-8.69
41.86	-8.87
42.15	-8.20
42.04	-8.10
41.92	-8.20
nan	nan
68.47	22.16
68.30	23.05
67.97	23.62
67.49	23.42
67.43	23.73
67.15	23.58
66.83	23.97
66.29	23.67
65.82	24.16
65.68	22.94
65.82	22.41
65.44	22.19
65.38	21.63
65.07	21.52
64.80	21.11
64.42	21.54
63.87	20.73
63.47	19.69
63.47	19.29
63.21	19.04
63.15	18.62
63.02	18.67
62.86	18.23
62.59	18.01
62.46	17.51
61.69	17.41
61.62	17.14
60.71	17.25
60.61	17.95
60.37	18.28
60.44	18.45
60.35	18.57
60.15	18.51
60.17	18.77
59.77	19.10
59.66	18.90
59.07	18.55
59.08	18.20
58.86	17.87
58.95	17.57
58.75	17.38
58.63	16.75
58.17	16.93
58.00	16.67
57.86	16.75
57.60	16.58
57.52	16.71
56.83	16.46
56.06	15.81
56.19	15.59
56.16	14.75
56.03	14.76
56.06	14.55
55.82	14.24
55.54	14.33
55.41	14.20
55.41	13.03
55.71	13.01
56.22	12.56
56.24	12.77
56.41	12.70
56.45	12.90
56.62	12.90
56.93	12.37
57.39	12.09
57.36	11.94
57.56	11.92
57.59	11.76
58.09	11.63
58.09	11.47
58.25	11.48
58.45	11.24
58.88	11.13
59.11	11.33
58.89	11.48
58.91	11.64
59.24	11.83
59.58	11.71
59.70	11.92
59.84	11.84
60.07	12.47
60.49	12.60
61.00	12.25
61.06	12.67
61.36	12.85
61.72	12.16
62.27	12.30
62.61	12.07
63.02	12.19
63.27	12.00
63.60	12.17
64.05	12.93
64.03	13.99
64.20	14.14
64.42	14.12
64.58	13.69
65.33	14.50
66.13	14.56
66.26	15.41
66.52	15.46
67.07	16.37
67.49	16.15
67.62	16.51
67.92	16.78
68.09	17.24
68.01	17.93
68.21	18.12
68.54	18.13
68.38	19.94
68.82	20.30
69.02	20.20
69.06	20.55
68.47	22.16
nan	nan
55.42	12.91
55.40	12.79
55.49	12.86
55.42	12.91
nan	nan
57.12	17.02
56.24	16.43
56.46	16.35
57.31	17.07
57.12	17.02
nan	nan
57.03	18.40
56.99	18.22
57.24	18.07
57.54	18.16
57.76	18.42
57.87	18.97
57.35	18.80
57.03	18.40
nan	nan
57.97	19.36
57.90	19.30
57.96	19.23
57.97	19.36
nan	nan
58.36	19.34
58.36	19.16
58.41	19.26
58.36	19.34
nan	nan
58.67	17.24
58.62	17.08
58.70	17.14
58.67	17.24
nan	nan
58.95	18.36
58.89	18.30
58.95	18.22
58.95	18.36
nan	nan
59.36	18.96
59.34	18.88
59.43	18.84
59.36	18.96
nan	nan
59.45	19.58
59.44	19.43
59.50	19.50
59.45	19.58
nan	nan
62.20	17.76
62.21	17.64
62.25	17.69
62.20	17.76
nan	nan
62.22	17.65
62.16	17.58
62.24	17.52
62.22	17.65
nan	nan
63.72	20.93
63.78	20.81
63.81	20.91
63.72	20.93
nan	nan
65.33	22.46
65.26	22.39
65.30	22.29
65.33	22.46
nan	nan
65.52	22.72
65.49	22.51
65.61	22.58
65.52	22.72
nan	nan
65.73	24.14
65.63	24.10
65.65	24.01
65.73	24.14
nan	nan
46.87	16.11
46.83	16.35
46.48	16.60
46.54	16.34
46.38	16.30
46.23	15.67
45.85	15.66
45.73	15.26
45.48	15.36
45.47	14.84
45.67	14.57
45.48	14.36
45.48	13.59
45.64	13.90
45.81	13.60
46.05	13.50
46.17	13.66
46.30	13.40
46.52	13.71
46.37	14.57
46.65	15.07
46.66	16.04
46.84	16.00
46.87	16.11
nan	nan
49.41	19.66
49.39	19.78
49.22	19.78
49.20	20.08
49.42	20.61
49.31	20.94
49.43	21.40
49.09	22.57
48.38	22.13
48.35	21.77
48.57	21.42
48.56	20.69
48.17	20.05
48.24	19.62
48.06	18.93
47.96	18.78
47.82	18.85
47.76	17.71
48.01	17.16
48.38	16.84
48.85	17.17
48.85	17.65
49.50	18.58
49.41	19.14
49.61	19.47
49.41	19.66
