-8.87347221	41.86989975
-8.90041637	42.11264038
-8.81486225	42.11541748
-8.850417	42.156807
-8.61402702	42.28569412
-8.59652805	42.34624863
-8.6898613	42.27986145
-8.87347221	42.2504158
-8.85763931	42.3093071
-8.81680584	42.27875137
-8.837362	42.340416
-8.770417	42.332638
-8.65180588	42.42763901
-8.839028	42.383751
-8.882083	42.455418
-8.94514	42.46347
-8.87125	42.500973
-8.868472	42.447083
-8.8209734	42.45236206
-8.82958317	42.57541656
-8.771529	42.593472
-8.72624874	42.67708206
-8.80374909	42.63680649
-8.842362	42.686249
-8.856805	42.606251
-8.900416	42.643471
-8.92014027	42.58652878
-9.048471	42.517082
-9.035138	42.559307
-9.092639	42.575695
-9.034028	42.695972
-8.86958408	42.82847214
-8.959029	42.779305
-9.063473	42.78653
-9.091805	42.737083
-9.153751	42.802082
-9.107916	42.820694
-9.151805	42.870693
-9.12791729	42.9070816
-9.18986225	42.95236206
-9.18347359	42.91569519
-9.23236084	42.94152832
-9.28152656	42.88930511
-9.25208473	43.00291824
-9.29986	43.056805
-9.13208389	43.13347244
-9.205139	43.129028
-9.174583	43.191528
-8.9295826	43.22124863
-8.940696	43.223194
-8.991805	43.275417
-8.839306	43.345974
-8.71347332	43.28930664
-8.53291702	43.31513977
-8.399583	43.390415
-8.35958195	43.31624985
-8.35513783	43.39014053
-8.30624962	43.40569305
-8.21541786	43.29152679
-8.22152805	43.39208221
-8.13458443	43.42430496
-8.31680489	43.44486237
-8.20041561	43.46041489
-8.1534729	43.51291657
-8.340695	43.458195
-8.293749	43.533474
-8.322362	43.56514
-8.262639	43.556252
-8.09291553	43.66708374
-8.05069542	43.63319397
-8.06235981	43.70541763
-7.905973	43.769028
-7.868194	43.774307
-7.849582	43.717083
-7.808195	43.695415
-7.81264	43.726807
-7.68958187	43.79152679
-7.66208219	43.77541733
-7.70874977	43.70791626
-7.637917	43.753193
-7.59875011	43.65763855
-7.58458281	43.71208191
-7.49013996	43.73291779
-7.2459712	43.57652664
-7.26708317	43.54069519
-7.04041576	43.55652618
-7.05263901	43.47375107
-7.00736189	43.53013992
-7.02930498	43.5573616
-6.945971	43.575138
-6.745138	43.567638
-6.724861	43.531528
-6.62624884	43.57513809
-6.35541677	43.55097198
-6.24430513	43.59708404
-6.0776391	43.56541824
-6.08569479	43.53569412
-6.01875	43.587639
-5.94597292	43.59875107
-5.83986092	43.66152954
-5.69235992	43.54319382
-5.4093051	43.55430603
-5.41569281	43.50902939
-5.29875088	43.53569412
-5.21513796	43.47347259
-4.56819391	43.39319611
-4.22097301	43.39374924
-3.78402805	43.4920845
-3.76319408	43.46652603
-3.82958293	43.4351387
-3.80791593	43.39458466
-3.77124906	43.44874954
-3.7370851	43.43152618
-3.723471	43.473194
-3.58597112	43.51486206
-3.58791804	43.47819519
-3.55041695	43.50958252
-3.42736197	43.45847321
-3.51986003	43.42486191
-3.4756949	43.41541672
-3.47874904	43.3698616
-3.42847204	43.3670845
-3.44930506	43.43375015
-3.11958289	43.3429184
-3.08319402	43.37791824
-3.02059102	43.32569885
-3.03597212	43.37486267
-2.94708395	43.43597031
-2.75208306	43.45680618
-2.68347192	43.36430741
-2.64319491	43.41541672
-2.35458398	43.29763794
-2.20152807	43.31152725
-2.12986112	43.27430725
-1.962361	43.337639
-1.91069496	43.31930542
-1.79208398	43.39347076
-1.79735994	43.34597397
-1.72886503	43.29613114
-1.62386119	43.30396652
-1.60798204	43.25227737
-1.52192903	43.29336929
-1.38418114	43.25322342
-1.41573811	43.1285286
-1.47338098	43.08663192
-1.441393	43.046196
-1.35370398	43.02801895
-1.33206165	43.10785294
-1.27049804	43.11832046
-1.30854499	43.0692215
-1.14144301	43.00763321
-0.94507098	42.95345307
-0.75280523	42.96696091
-0.727835	42.89247132
-0.56774688	42.78087234
-0.50247	42.827511
-0.392524	42.80012131
-0.313043	42.84751892
-0.15860964	42.79569626
-0.105977	42.72085571
-0.014554	42.68477249
0.17599271	42.73564529
0.29502998	42.67339705
0.36036801	42.72373199
0.66871202	42.68893814
0.644889	42.78311539
0.70818394	42.86132813
0.9258272	42.78967285
1.07800853	42.78769303
1.170717	42.7081871
1.35737813	42.71942139
1.44200301	42.59934616
1.414213	42.53773117
1.469216	42.510792
1.41915015	42.48384498
1.456564	42.435902
1.726282	42.50491333
1.9338448	42.45416641
2.01519799	42.34740067
2.25708246	42.43848801
2.53326488	42.33348846
2.67164207	42.34077072
2.67390585	42.40452194
2.94708753	42.48180008
3.17430496	42.4351387
3.16319394	42.36041641
3.322638	42.319305
3.26458406	42.23708344
3.16291594	42.26486206
3.11208296	42.21097183
3.12402797	42.12791824
3.212638	42.069027
3.170695	42.02375
3.2340281	41.96208191
3.20986199	41.90180588
2.9348619	41.71458435
2.2659719	41.45930481
2.107916	41.287361
0.98763901	41.04124832
0.701527	40.80569458
0.87430602	40.7318039
0.86958402	40.69597244
0.670417	40.560417
0.595972	40.576527
0.71125	40.59264
0.744305	40.636196
0.600972	40.622082
0.53819501	40.56708145
0.40708399	40.35569382
0.19152801	40.17152786
0.147084	40.08180618
0.049305	40.03513718
-0.005973	39.91458511
-0.18208399	39.73347092
-0.194583	39.64652634
-0.31625	39.52347183
-0.309584	39.450138
-0.365694	39.435417
-0.215973	39.18680573
-0.23680601	39.12791824
-0.159307	38.99375153
-0.014862	38.87125
0.197916	38.804863
0.234861	38.737083
0.083193	38.63124848
-0.028195	38.61875153
-0.096528	38.523472
-0.31625	38.47486115
-0.40125099	38.41208267
-0.402082	38.352638
-0.507082	38.331806
-0.51041698	38.20097351
-0.614582	38.17402649
-0.64736098	37.9995842
-0.750973	37.897083
-0.748413	37.789917
-0.767916	37.842361
-0.85958302	37.72291565
-0.727639	37.634304
-0.745138	37.784584
-0.686528	37.633751
-0.717916	37.606529
-0.919583	37.553749
-0.993195	37.60014
-1.110718	37.567688
-1.110695	37.533749
-1.214478	37.575138
-1.325684	37.562683
-1.46013904	37.48625183
-1.482083	37.424862
-1.67430496	37.35541535
-1.808195	37.21402741
-1.895418	36.948193
-2.12375092	36.73152923
-2.19097209	36.7195816
-2.367361	36.841526
-2.56513906	36.81402588
-2.69958305	36.6823616
-2.84875107	36.69486237
-2.92652798	36.75208283
-3.26097298	36.7531929
-3.41986108	36.69374847
-3.83347201	36.75374985
-4.396484	36.722717
-4.63902807	36.50624847
-4.9123621	36.50569534
-5.17763996	36.41402817
-5.2940278	36.29652786
-5.33874988	36.15486145
-5.42597199	36.1768074
-5.4306941	36.0704155
-5.60902786	35.9995842
-5.6884718	36.06874848
-5.79930592	36.07875061
-5.90930605	36.18291855
-6.03513908	36.18097305
-6.20986	36.385139
-6.21708298	36.39236069
-6.30875	36.533474
-6.272083	36.537083
-6.23041582	36.58763886
-6.386806	36.628471
-6.437639	36.716805
-6.34902716	36.79763794
-6.52014017	36.97680664
-6.931806	37.185974
-7.06402778	37.20624924
-7.337638	37.210972
-7.40361214	37.17766571
-7.46380901	37.48723221
-7.5226779	37.55307388
-7.42138577	37.75894928
-7.28352881	37.86886597
-7.26244783	37.9798584
-7.12072277	38.00463867
-7.09870386	38.04382706
-7.00202513	38.02239609
-6.93153	38.20832062
-7.0853529	38.16930008
-7.27976179	38.41967774
-7.33586121	38.43582153
-7.243608	38.62402344
-7.25943279	38.72419739
-7.03925705	38.86467743
-7.05219412	38.9069519
-6.95942879	39.05446625
-7.03258896	39.1173172
-7.14403582	39.10862732
-7.13467789	39.17119598
-7.2414689	39.20825196
-7.23148128	39.27825524
-7.322824	39.38129044
-7.29426813	39.45682144
-7.38188791	39.49123383
-7.5416851	39.66367722
-7.01552296	39.6704216
-6.9872098	39.81002045
-6.90359688	39.87069702
-6.86378908	40.01200104
-6.94087315	40.11249924
-7.01293802	40.12612152
-7.02997398	40.18638229
-6.99827194	40.23529053
-6.86799097	40.26433182
-6.78096104	40.36454773
-6.84969187	40.45151138
-6.79526615	40.51135635
-6.84535503	40.56594467
-6.79401016	40.6612854
-6.83116579	40.75279236
-6.80191421	40.86070252
-6.93134689	41.02939987
-6.80892086	41.03648758
-6.64836502	41.24753952
-6.49627495	41.26614761
-6.38963318	41.38469315
-6.31764603	41.38572693
-6.19693994	41.58948517
-6.34291887	41.67354584
-6.54825306	41.68558121
-6.56887579	41.74358368
-6.5154891	41.87164688
-6.57115412	41.88348389
-6.5464859	41.93944168
-6.58828306	41.96753693
-6.69997978	41.93330383
-6.81131983	41.99250794
-6.82157993	41.94599533
-6.89322615	41.93984985
-7.14143085	41.99074936
-7.18540811	41.97231674
-7.19671202	41.87997437
-7.42761183	41.8073616
-7.45247412	41.86507797
-7.61143208	41.82917786
-7.58584785	41.88187027
-7.70082617	41.90766525
-7.8727808	41.84485626
-7.90631819	41.92709732
-8.01403522	41.82899475
-8.16499042	41.81811523
-8.21680927	41.91345596
-8.08442783	42.04733658
-8.11867333	42.08230972
-8.18214416	42.06511307
-8.19872475	42.15431595
-8.33186436	42.08383942
-8.63590622	42.04788208
-8.87347221	41.86989975
